

4
 0.0  0.0
 1.1  2.2
 2.2  4.4
 3.3  6.6
//Try to shaffle (All in one line)

12
 4.0  0.0
-3.0  2.0
 2.0 -3.0
 0.0  4.0
-2.0 -3.0
 3.0  2.0
-4.0  0.0
 3.0 -2.0
-2.0  3.0
 0.0 -4.0
 2.0  3.0
-3.0 -2.0
//Well (All vertex on one circle)

20
-1.0 -1.0
-1.0  1.0
 1.0  1.0
 1.0 -1.0
 0.0 -2.0
-2.0  0.0
 0.0  2.0
 2.0  0.0
 2.0 -2.0
-2.0 -2.0
-2.0  2.0
 2.0  2.0
 4.0  0.0
 0.0 -4.0
-4.0  0.0
 0.0  4.0
 4.0  4.0
 4.0 -4.0
-4.0 -4.0
-4.0  4.0
//Perfectly (Much squares)

7
 0.0  0.0
 20.0 -20.0
 30.0  20.0
 0.0  30.0
-10.0  -30.0
-30.0  20.0
-20.0 -10.0
//Good (Random)

5
 0.0  0.0
 0.0  2.0
 4.0  0.0
 4.0  4.0
 3.0  2.0
//Good (First flip)